 ano_mes | interacoes | usuarios_ativos | pares_usuario_conteudo | pares_concluidos | taxa_conclusao_pct | avaliacao_media | tempo_consumido_total 
---------+------------+-----------------+------------------------+------------------+--------------------+-----------------+-----------------------
 2026-01 |        123 |              72 |                    123 |               22 |              17.89 |            4.58 |                 18062
 2026-02 |        147 |              92 |                    147 |               23 |              15.65 |            4.58 |                 28811
 2026-03 |        124 |              88 |                    124 |               20 |              16.13 |            4.44 |                 16060
 2026-04 |        118 |              79 |                    118 |               12 |              10.17 |            4.48 |                 14005
 2026-05 |        139 |              95 |                    139 |               21 |              15.11 |            4.59 |                 20141
 2026-06 |        133 |              84 |                    133 |               16 |              12.03 |            4.47 |                 21581
 2026-07 |        119 |              84 |                    119 |               18 |              15.13 |            4.40 |                 14920
 2026-08 |         97 |              71 |                     97 |               22 |              22.68 |            4.25 |                 11301
(8 rows)

